71 90 28 13
35 17 24 52
89 48 44 59
87 133 55 72
49 140 37 36
88 30 25 66
95 121 21 51
56 113 54 30
30 62 26 22
90 25 36 5
19 6 21 57
27 53 33 77
76 36 41 45
79 144 58 73
34 136 27 35
43 17 27 75
56 35 26 74
24 41 48 19
31 104 20 1
28 15 57 13
90 66 28 37
58 103 38 78
17 186 52 39
13 185 31 33
97 77 29 21
73 25 20 13
66 46 47 4
19 124 55 1
82 28 35 36
92 97 52 17
68 181 33 55
18 9 54 8
63 196 53 76
90 34 41 27
17 154 53 23
86 85 56 11
25 83 35 52
48 127 40 25
96 148 34 79
92 195 51 12
51 112 21 32
93 144 55 22
49 90 57 71
37 14 44 14
27 154 30 25
58 148 46 77
49 145 58 17
96 98 40 40
65 64 54 2
25 43 41 3
